810
697 675
139 200
398 153
620 86
357 329
244 245
373 359
696 219
369 795
105 670
129 232
185 575
644 424
22 222
70 31
91 56
768 278
565 229
410 180
592 783
10 11
210 438
290 491
275 121
179 175
22 127
489 49
344 103
7 27
287 323
248 278
521 424
596 180
517 241
274 495
305 214
721 475
107 100
35 4
206 162
101 111
426 359
73 434
152 242
273 250
47 325
735 617
124 251
133 793
343 193
569 629
133 253
455 613
292 390
62 109
62 151
20 42
611 278
407 321
783 805
603 658
14 636
306 447
49 61
788 401
144 154
1 88
13 441
2 1
96 132
269 138
405 455
37 68
450 149
659 350
257 185
27 754
682 307
94 247
100 627
574 254
338 394
745 519
290 298
101 176
356 385
107 678
267 207
773 40
194 371
579 539
519 594
234 669
408 505
383 95
510 236
214 201
24 197
18 25
237 120
37 29
469 546
277 35
633 414
137 230
6 13
154 221
396 125
665 47
751 166
258 172
18 45
339 180
771 706
408 602
545 470
20 41
210 119
229 135
594 711
497 307
511 204
626 660
354 74
80 9
799 667
700 56
774 152
608 720
695 411
48 77
133 347
417 85
16 66
240 288
756 473
486 800
487 194
457 509
349 531
535 408
621 540
304 79
377 258
87 381
809 506
353 311
105 553
100 102
423 428
71 5
342 114
785 537
246 554
33 67
270 22
280 719
398 676
81 96
106 291
87 284
340 798
7 30
73 152
158 40
326 550
758 752
58 41
208 476
370 532
9 118
358 62
725 753
74 712
245 427
708 10
28 170
54 93
79 558
183 147
31 8
52 85
490 141
593 498
495 654
23 55
52 630
6 63
359 374
47 205
81 28
485 556
388 16
496 46
748 266
26 17
177 146
185 173
116 35
777 371
619 303
190 122
332 277
117 203
55 499
60 104
5 187
40 16
356 540
648 389
468 605
615 575
710 357
101 171
180 65
418 395
610 574
368 242
13 562
382 284
60 429
7 8
53 47
303 222
116 146
473 544
235 30
481 687
231 706
128 493
724 203
790 459
30 424
702 660
223 243
157 67
179 457
298 318
190 194
160 86
283 247
314 272
131 169
274 104
43 631
278 443
673 341
203 217
672 110
635 31
734 25
412 98
89 38
20 2
717 43
723 520
525 31
117 92
484 388
376 570
265 628
503 392
337 351
761 349
211 372
561 523
507 411
34 16
312 260
264 749
69 125
206 225
466 420
157 577
271 471
526 299
643 679
3 1
71 90
5 2
331 233
662 486
229 480
415 278
163 193
302 784
170 401
159 184
475 779
336 595
578 358
755 567
130 77
285 163
50 64
460 32
134 752
433 557
329 274
393 500
73 23
29 101
760 397
16 5
153 50
36 10
134 116
204 22
60 79
26 39
83 69
167 408
741 663
420 387
350 104
249 384
149 340
529 116
218 50
559 299
63 137
539 357
110 592
21 175
173 23
186 74
336 162
65 150
268 48
146 264
324 221
380 421
484 707
321 217
148 95
527 739
778 229
461 55
335 597
6 133
153 563
228 124
109 138
34 512
208 61
256 681
189 181
349 258
445 642
506 112
490 765
17 43
607 58
254 689
418 606
252 200
10 7
202 308
109 309
280 387
680 467
750 677
355 43
64 123
730 705
512 536
13 15
428 740
380 221
2 32
266 320
77 608
127 296
714 424
196 10
251 590
560 781
4 167
199 176
452 232
3 82
162 98
178 391
246 170
129 97
229 555
135 36
473 534
488 264
207 780
128 108
530 195
265 618
369 782
281 737
776 575
24 6
99 25
62 54
163 64
315 250
40 56
604 363
191 625
159 3
705 62
183 675
704 516
598 408
96 255
73 122
688 641
357 446
18 2
463 265
10 12
585 33
182 436
43 114
256 134
227 492
36 482
148 742
215 213
623 586
335 243
397 321
132 422
81 92
84 416
464 42
474 307
573 307
360 60
207 54
477 179
110 109
7 409
49 226
319 134
105 89
626 528
584 223
220 520
716 231
650 38
597 622
238 787
174 715
149 442
542 236
61 326
219 215
789 215
59 44
174 249
38 11
537 450
466 738
218 601
458 436
152 504
115 202
11 23
139 155
588 239
796 413
3 7
165 124
356 134
115 113
275 609
261 177
432 379
470 709
231 86
412 527
4 3
21 126
519 415
250 51
803 355
694 100
29 12
348 48
114 120
653 24
46 57
225 395
180 576
354 641
13 131
215 378
70 259
234 248
729 243
649 701
248 367
804 797
498 345
149 12
226 300
806 329
684 169
617 352
560 11
515 582
548 542
632 130
192 82
306 465
187 233
541 340
184 238
147 41
3 95
481 109
645 316
100 10
386 83
162 469
300 727
24 290
337 46
307 316
446 718
209 419
451 163
340 402
330 10
13 60
169 399
382 485
454 370
389 143
513 298
123 307
81 639
245 279
48 195
731 232
27 52
86 29
83 292
65 37
47 69
701 808
524 383
424 698
25 51
219 677
523 426
571 294
140 40
76 3
121 63
102 139
118 287
243 501
21 47
279 444
254 158
188 46
663 326
99 667
646 40
128 265
110 136
45 430
375 71
313 279
288 400
40 568
295 599
567 22
467 272
350 547
127 423
515 388
153 470
439 732
486 317
260 125
357 743
74 52
528 216
43 600
480 657
578 580
157 227
17 1
170 272
39 266
89 475
289 82
315 638
468 192
181 310
797 504
228 572
26 46
98 37
383 786
211 209
718 794
405 135
341 328
198 141
298 703
475 494
44 24
365 10
192 311
37 209
223 141
231 693
24 72
22 453
379 295
213 115
12 54
37 649
176 449
244 84
38 97
364 156
87 47
145 102
690 41
478 460
94 281
224 78
664 436
564 50
103 13
435 216
31 113
274 459
306 160
439 384
431 288
634 145
699 604
652 424
189 236
765 802
322 37
85 182
28 12
615 668
643 671
93 656
479 37
177 549
433 203
142 99
767 26
355 413
647 254
330 362
713 330
757 87
181 105
640 534
148 772
763 430
16 119
151 212
108 172
294 163
251 414
112 393
268 552
586 573
20 643
21 7
106 18
54 302
686 370
299 215
359 209
334 35
172 301
183 338
566 453
166 158
177 612
85 369
522 173
674 225
376 355
280 118
78 38
6 94
125 234
174 262
107 124
263 152
128 551
502 494
53 241
107 538
336 728
614 376
243 766
206 363
5 84
179 191
516 587
406 746
623 764
660 810
75 404
216 182